$ANSIBLE_VAULT;1.1;AES256
33653732313331663165363563393463393433373464373332363563666539373336343531386566
3830343435323565363362663161363362653965613132660a303631343062353335383339616434
65323436663830396637656464663465393963383039336433346438393964303235306332303737
6434326432626332320a363533383465393138653364613134396163346664663361356262373339
33346563306663383930333135396234316136653463326638613661623665613163633962353064
36316531616363313430616430323630616239396539373365323835393833376134366436663533
38323765363837316266663136636537343330633863643538343133656333636437383963626465
34333466656431383230643238646533313935636631663361346466316264306165336535333563
33646633623430626435353638363763373762646166623333386561613430376530326264623931
39363564376165623561316563646562626633303766373563646438303363336235356131333135
33666364306534356334316362633364613032643861663135346137613565656239316261646664
37353061396461393935626263393032343236313733303966346635356134613261313261376235
63333066666561653864346636343764383534333165633464356131303732653734
